13840118656
13970245422
13914847863
13723749544
15894347634
13425427344
15680888105
13925599923
15971321424
13320327322
17683952181
13695883131
13822252280
15829626077
15769172042
15064069070
13413511500
13715088053
13051377979
13642525774
18218545723
18767395229
17621673709
13434515984
17681083119
18550481785
18766935411
18795768120
18240161897
13807272233
17691389342
13316252178
15970971396
17308757044
13905786410
13801450825
17689810944
18736529979
18666494052
15334781505
18648044120
13538286394
15037903716
15203993899
18651905361
13533748068
17387683721
18999558219
13510701046
15398160733
16608813228
15981270454
15147004880
15116045152
18234666418
13912499579
18220081770
13677640890
13524431057
15017112249
13591586781
18874376782
15136331770
18829537183
15730059069
18780590021
13178556689
15259273264
13949999877
13040943470
18682402830
18636648689
15642696066
15843009080
18258763184
18699851010
15183985550
18990938096
18975349666
13288386135
13145075215
18723795633
15881391068
13543463772
15509984176
18908851836
18552967778
18077736601
18735469046
15170111997
13991407477
15886503636
15867483608
18650607190
13123222579
13124125621
13643332398
17642185583
13555062095
18569486515
13537100636
18779026092
17600037061
13548183954
13148137939
18316432765
15080082366
18245190612
18896711832
18843313383
18676977736
15857130736
18690088062
17585955869
18621737388
15913008805
18212373014
17612137916
13209989588
13666232830
13185512427
18206931169
15903993297
13842262020
16603415503
18257297191
17369359875
15857110051
13378735929
13417679477
13813728211
13860551720
18000156333
18307301861
15087777871
15105249735
13684753375
17576015257
13515033697
13839249938
18854338213
13773590255
15574651245
13724707618
17687574040
17696184882
13083700316
15068118358
15115946454
13951308969
13546682561
15205827794
15812367803
13626999750
17640257187
15218984087
13859405085
17623036652
13620723222
13507832081
18954052333
18057125653
18111556977
18690215336
15307062217
13733875258
18099308166
17602391651
15201993078
19987139489
13308204028
13455365048
18285841104
18825222812
15753690132
18731001906
15184018799
15208208307
18681068720
18664374732
13852927704
15163263953
13766364434
18609138885
17665648118
15915963354
18262895693
18262895693
18765948095
18957365738
18664191039
13577862930
18302528513
13834821964
15926974190
15908805478
13500679416
18830283330
15536565553
15729391771
13249463455
15234316042
13001997572
13762319511
17767155876
18747375551
13074228223
15126774146
13257679412
15881923239
18218917244
13635809088
13581250096
13691372726
13333642021
15886196205
13960032359
18520623788
18839833477
19951568329
15052130564
13872013923
13101488276
13689311414
18664086453
15025586720
18896507154
13705496667
13861506623
18780858651
13763095718
15868502656
18573146214
13570857047
13914069767
18037201392
17809177755
15098842866
15997610540
18792433320
16675154204
13566227510
13767267733
15915705800
13361009440
13434777467
15941175450
18789608180
18191136144
18603942656
13576403020
18501112463
18566916808
15678444693
13611870720
13592857574
15396631199
15283135755
18682134690
15286118624
13798224255
18322300018
13456222007
15142117334
13252376001
18779371533
18389397307
13602694286
18215640134
15050599844
18715703431
18053623837
13986126650
15347756935
13879197791
15771980831
15733483286
18473454858
15228944771
18799929380
13828102710
15831226223
18555210296
18950287397
18377073628
18520272214
15099001787
13078233340
18278282038
13206292544
15635984629
18378282038
18212157612
13226302128
15777944844
18012954261
15666137521
15950436492
15022924613
18743880088
15116700111
17887921268
17700299907
15023123137
15821064342
15969152177
15368990824
17642082581
13107648563
18753922959
18978419573
15215758333
18804843154
15265366629
15186665335
18234856344
18776955756
13650543043
18988764385
13855876065
18385518819
15108029750
13016652492
18259825185
15531671946
13123603983
18947427810
18708885334
15381017884
13243554455
15991255761
18700806371
17796407121
18217907175
13690486271
13125009170
15186723954
18787474904
13115239979
15239120982
15881192236
15015373325
18226477729
13877333895
13855107168
13760687383
18309503292
13178610409
15280943685
15521671604
18551804493
15578440264
15692366661
18819723034
16620016875
13400329765
15026803103
17585636103
15926260085
18715338217
18309742220
17746615898
15368676333
18316816840
13902969098
13435554652
15670999319
13065919527
13259822373
18839917705
17618153987
15078005308
15806936532
18711176263
13960266618
18148221998
18064042245
13622527867
16673302913
17513222817
13790284696
13340812017
15926125173
15686319869
18898468009
15639626172
15867537092
13868719130
17793699739
15958933860
13794325045
17790338722
15549925068
13532040511
15268663690
17638013205
18854759394
18226999477
15756235812
13984846989
18570268057
13507385712
18020018139
18051499109
18775398242
13076775047
13304119116
15933713019
15003572948
13477236434
18783505582
15887422450
18047960913
18507588455
15719991073
18663423277
15818311063
19922249100
15678419184
15852617239
13564620948
15914979651
13758852991
15017102914
13649454494
18757403998
15718331071
13713708740
17817811457
15735075942
18370391056
13584401990
10212446246
13770199422
15831267793
13560723443
13842130577
18435223329
15010799674
13584316004
17623274310
18958638786
17844624735
18181411703
15276831285
18277503924
15830821298
18973307546
18827088737
15974855096
13239788630
18385369456
15216015672
18877120815
18580279239
18872430904
17820737323
15112302815
13425488813
15229994297
13435488813
13034186403
15327232123
15219992111
18705087905
18876015389
18885226564
15976698038
18283333565
13128349947
17312314927
18664661949
15269733312
13513542806
18521702236
18723344124
15276853505
18276618751
17751668951
13980517410
18820738901
13994653276
18657270600
17576094979
17784654950
13437142843
13637808940
18989709799
18971031439
17521634874
18233704444
18330753456
18710524560
13666492463
18656548312
15817647817
13590818690
19917820433
13631923994
13677037701
15944088872
13215911502
13770933962
18578794581
18576896239
19955256552
15242955953
18700401446
13102339052
18970413879
18778189233
15846596203
15555511333
15816077979
18245582960
13317007480
18713907184
18299431714
17674337441
15628165246
13642035789
17744200016
15348473919
18506016737
13727280562
13903336836
13582511699
15054419755
17309344111
18311803378
18898923450
13170155910
13652311259
17634016115
13017043218
15678927224
14708818195
13480055261
18326535739
13195067738
18034533946
18351666093
13023588852
18292292073
18234893164
18739703280
18724410715
15959766009
18204505454
13138536282
15595584776
18607494933
15915025683
13659606302
15185862677
13125136618
18886926882
17345468379
13511426960
18762729191
18711942324
15260149975
14780870713
18088236448
15275228421
13066529141
18509564988
13669094141
15518487633
17828609979
18696963958
15272497524
18303336963
18285489067
18703211752
18796282241
15816116016
18606082702
15951107125
18841477185
18234653765
18401566111
15856025469
18240283402
13772113700
13359291385
15084212456
15892114189
15187683494
15151061239
18585400708
18662570278
15914912195
13842860102
18261168759
15570856120
18227745450
15843029300
15107423788
13840618893
17838376717
18824117238
15185339969
13692266058
18825168526
13734458607
15926163147
18186103740
13762757151
13977053990
13014322563
13697104566
15382624008
15076697861
13286806223
13486367597
17817327929
15227936056
13354228088
18211967132
13682619955
18233935731
18809339932
15586355611
15248458679
15100265321
18642634656
13542831100
15882290802
13582349586
17336870395
13314174088
18638816749
18210693935
15259893253
15580712889
18245413753
13680723325
15251286463
18770886877
15732550055
13949209939
18133337482
18082891879
17694919918
18600044591
15248808356
17608593084
18885913538
13842868060
13426931551
17609523170
15398007376
18670273723
13511202975
17766448422
13736665878
15565691600
15862965533
13531640666
15531154333
15946731146
18965213658
13870249222
13576184262
18955100754
15009017683
13720910701
15949855400
13148469135
13088624825
13210001461
18745048165
18849182022
13065448136
15192575350
17367556425
18841265891
18953438709
13053421569
17130820683
18953436315
18250514536
17130820183
15754145448
15225001723
15602728465
18953438579
15849655747
18617420318
13234161023
15624862925
13639457098
15661438776
13904966942
13531495651
18629450542
13130699376
17632820061
18645988561
13711327159
13100890588
15100846157
15246088118
13105599409
13058910045
18139978293
15103402457
18919830445
13582392241
15829593652
15643678638
15943677387
15768824881
18935013943
15500265366
15945013755
13674654882
13125925169
15676241340
15643678636
15034440732
13284087866
15363684002
18643668150
13284977966
15046159126
18447284247
13209986285
18242169351
13836849338
18979797738
18743617199
15542105227
17827714917
18245757631
18447280018
13029706882
17555173653
18765197021
15164559820
18536051579
15164559821
15264837297
18249679983
17743341600
13082448342
18331760673
15711065689
15765885435
13282430648
13280113090
17640158670
13943605810
13058894763
18232137488
13014834815
13417641316
13175499805
18800088098
18343652830
18898675942
13943605610
15578198304
13421100859
18718286945
18343652831
15543991233
15507027141
13093860498
18925953659
18235349302
13456426637
13272726793
13996798149
15923721672
18036850986
18342803330
13252715990
18655433111
15755453778
15315028363
15656855250
17808788489
13956058834
15081081802
18576049185
18707624501
13958967171
15982809201
18269932497
13113021211
18907308868
13733677003
18285043282
17606841158
17693383226
18827538889
15241271003
18113103650
15729625126
15865980874
13392817674
18223199773
15086843933
13730795221
13516015494
14776526005
18678033178
15104537573
15092963680
13048276787
13930152946
15689897575
18524505366
18218995507
18231888041
13225006611
13691325709
17691214554
15174783850
17872103040
13670402352
18972724865
18604301239
13932127140
13355403738
15546948273
17640491853
13889135444
17800301123
15757399707
13920100313
18783073997
13938374677
18252096872
18820568843
15971464058
15266767789
15219946121
13929894161
18892661552
15318184659
13823819576
18752830809
18701793736
18609103382
18601237784
15223540494
18325642796
15188787278
18435902400
18529528845
18368024022
18953116498
15002726813
13985672485
13457454047
17876452260
13978462740
13485395149
18865617987
13305249486
18376911299
18203090204
13605635419
13919961178
18732424476
13251364443
13956508164
15117135843
15814967637
15817444153
18901633962
15015279299
13986276768
13266191561
17677107721
18946118765
13888214504
13945922654
18180886888
18727707070
13322142222
17193148624
15124591057
15856663001
13987736505
13871298274
18286521196
15628286781
18772676686
18672428538
18754099357
18234309457
15063219961
15976084630
18204615371
15019555455
13081200101
15863950509
15153345490
15550801553
17193148642
13859866104
13682636767
13546363640
17714910398
18073510211
15270601780
13355541771
15271452260
15858588204
13759553096
13515663548
18855487121
17193148641
15584922759
15999925804
17193148041
13340846311
13979707461
15820750692
18397175150
13771259210
13006160393
18965136287
18254641177
18907299388
18669850900
18073725008
13043841303
18153979680
13650408678
15754033520
18372698872
18030482706
17193148114
17193148042
18393916418
18358383525
18293665776
15940396422
18265325251
18711028027
15558001827
18832777317
17193148045
18320850484
18883209034
17606789675
13177266686
18837678856
17193148043
13728950927
13826100567
13311237334
17688114365
13808181069
17193148134
13071513456
15895532552
18602704550
15136362821
15244273831
15353576131
15545154748
18972836901
18322375673
18260247798
13703189214
15237755181
18645165439
17612922469
13508804471
15610342644
13507175229
